70201000
70201001
70201002
70201003
70201004
70201005
70201006
70201007
70201008
70201009
70201010
70201011
70201012
70201013
70201014
70201015
70201016
70201017
70201018
70201019
70201020
70201021
70201022
70201023
70201024
70201025
70201026
70201027
70201028
70201029
70201030
70201031
70201032
70201033
70201034
70201035
70201036
70201037
70201038
70201039
70201040
70201041
70201042
70201043
70201044
70201045
70201046
70201047
70201048
70201049
70201050
70201051
70201052
70201053
70201054
70201055
70201056
70201057
70201058
70201059
70201060
70201061
70201062
70201063
70201064
70201065
70201066
70201067
70201068
70201069
70201070
70201071
70201072
70201073
70201074
70201075
70201076
70201077
70201078
70201079
70201080
70201081
70201082
70201083
70201084
70201085
70201086
70201087
70201088
70201089
70201090
70201091
70201092
70201093
70201094
70201095
70201096
70201097
70201098
70201099
70201100
70201101
70201102
70201103
70201104
70201105
70201106
70201107
70201108
70201109
70201110
70201111
70201112
70201113
70201114
70201115
70201116
70201117
70201118
70201119
70201120
70201121
70201122
70201123
70201124
70201125
70201126
70201127
70201128
70201129
70201130
70201131
70201132
70201133
70201134
70201135
70201136
70201137
70201138
70201139
70201140
70201141
70201142
70201143
70201144
70201145
70201146
70201147
70201148
70201149
70201150
70201151
70201152
70201153
70201154
70201155
70201156
70201157
70201158
70201159
70201160
70201161
70201162
70201163
70201164
70201165
70201166
70201167
70201168
70201169
70201170
70201171
70201172
70201173
70201174
70201175
70201176
70201177
70201178
70201179
70201180
70201181
70201182
70201183
70201184
70201185
70201186
70201187
70201188
70201189
70201190
70201191
70201192
70201193
70201194
70201195
70201196
70201197
70201198
70201199
70201200
70201201
70201202
70201203
70201204
70201205
70201206
70201207
70201208
70201209
70201210
70201211
70201212
70201213
70201214
70201215
70201216
70201217
70201218
70201219
70201220
70201221
70201222
70201223
70201224
70201225
70201226
70201227
70201228
70201229
70201230
70201231
70201232
70201233
70201234
70201235
70201236
70201237
70201238
70201239
70201240
70201241
70201242
70201243
70201244
70201245
70201246
70201247
70201248
70201249
70201250
70201251
70201252
70201253
70201254
70201255
70201256
70201257
70201258
70201259
70201260
70201261
70201262
70201263
70201264
70201265
70201266
70201267
70201268
70201269
70201270
70201271
70201272
70201273
70201274
70201275
70201276
70201277
70201278
70201279
70201280
70201281
70201282
70201283
70201284
70201285
70201286
70201287
70201288
70201289
70201290
70201291
70201292
70201293
70201294
70201295
70201296
70201297
70201298
70201299
70201300
70201301
70201302
70201303
70201304
70201305
70201306
70201307
70201308
70201309
70201310
70201311
70201312
70201313
70201314
70201315
70201316
70201317
70201318
70201319
70201320
70201321
70201322
70201323
70201324
70201325
70201326
70201327
70201328
70201329
70201330
70201331
70201332
70201333
70201334
70201335
70201336
70201337
70201338
70201339
70201340
70201341
70201342
70201343
70201344
70201345
70201346
70201347
70201348
70201349
70201350
70201351
70201352
70201353
70201354
70201355
70201356
70201357
70201358
70201359
70201360
70201361
70201362
70201363
70201364
70201365
70201366
70201367
70201368
70201369
70201370
70201371
70201372
70201373
70201374
70201375
70201376
70201377
70201378
70201379
70201380
70201381
70201382
70201383
70201384
70201385
70201386
70201387
70201388
70201389
70201390
70201391
70201392
70201393
70201394
70201395
70201396
70201397
70201398
70201399
70201400
70201401
70201402
70201403
70201404
70201405
70201406
70201407
70201408
70201409
70201410
70201411
70201412
70201413
70201414
70201415
70201416
70201417
70201418
70201419
70201420
70201421
70201422
70201423
70201424
70201425
70201426
70201427
70201428
70201429
70201430
70201431
70201432
70201433
70201434
70201435
70201436
70201437
70201438
70201439
70201440
70201441
70201442
70201443
70201444
70201445
70201446
70201447
70201448
70201449
70201450
70201451
70201452
70201453
70201454
70201455
70201456
70201457
70201458
70201459
70201460
70201461
70201462
70201463
70201464
70201465
70201466
70201467
70201468
70201469
70201470
70201471
70201472
70201473
70201474
70201475
70201476
70201477
70201478
70201479
70201480
70201481
70201482
70201483
70201484
70201485
70201486
70201487
70201488
70201489
70201490
70201491
70201492
70201493
70201494
70201495
70201496
70201497
70201498
70201499
70201500
70201501
70201502
70201503
70201504
70201505
70201506
70201507
70201508
70201509
70201510
70201511
70201512
70201513
70201514
70201515
70201516
70201517
70201518
70201519
70201520
70201521
70201522
70201523
70201524
70201525
70201526
70201527
70201528
70201529
70201530
70201531
70201532
70201533
70201534
70201535
70201536
70201537
70201538
70201539
70201540
70201541
70201542
70201543
70201544
70201545
70201546
70201547
70201548
70201549
70201550
70201551
70201552
70201553
70201554
70201555
70201556
70201557
70201558
70201559
70201560
70201561
70201562
70201563
70201564
70201565
70201566
70201567
70201568
70201569
70201570
70201571
70201572
70201573
70201574
70201575
70201576
70201577
70201578
70201579
70201580
70201581
70201582
70201583
70201584
70201585
70201586
70201587
70201588
70201589
70201590
70201591
70201592
70201593
70201594
70201595
70201596
70201597
70201598
70201599
70201600
70201601
70201602
70201603
70201604
70201605
70201606
70201607
70201608
70201609
70201610
70201611
70201612
70201613
70201614
70201615
70201616
70201617
70201618
70201619
70201620
70201621
70201622
70201623
70201624
70201625
70201626
70201627
70201628
70201629
70201630
70201631
70201632
70201633
70201634
70201635
70201636
70201637
70201638
70201639
70201640
70201641
70201642
70201643
70201644
70201645
70201646
70201647
70201648
70201649
70201650
70201651
70201652
70201653
70201654
70201655
70201656
70201657
70201658
70201659
70201660
70201661
70201662
70201663
70201664
70201665
70201666
70201667
70201668
70201669
70201670
70201671
70201672
70201673
70201674
70201675
70201676
70201677
70201678
70201679
70201680
70201681
70201682
70201683
70201684
70201685
70201686
70201687
70201688
70201689
70201690
70201691
70201692
70201693
70201694
70201695
70201696
70201697
70201698
70201699
70201700
70201701
70201702
70201703
70201704
70201705
70201706
70201707
70201708
70201709
70201710
70201711
70201712
70201713
70201714
70201715
70201716
70201717
70201718
70201719
70201720
70201721
70201722
70201723
70201724
70201725
70201726
70201727
70201728
70201729
70201730
70201731
70201732
70201733
70201734
70201735
70201736
70201737
70201738
70201739
70201740
70201741
70201742
70201743
70201744
70201745
70201746
70201747
70201748
70201749
70201750
70201751
70201752
70201753
70201754
70201755
70201756
70201757
70201758
70201759
70201760
70201761
70201762
70201763
70201764
70201765
70201766
70201767
70201768
70201769
70201770
70201771
70201772
70201773
70201774
70201775
70201776
70201777
70201778
70201779
70201780
70201781
70201782
70201783
70201784
70201785
70201786
70201787
70201788
70201789
70201790
70201791
70201792
70201793
70201794
70201795
70201796
70201797
70201798
70201799
70201800
70201801
70201802
70201803
70201804
70201805
70201806
70201807
70201808
70201809
70201810
70201811
70201812
70201813
70201814
70201815
70201816
70201817
70201818
70201819
70201820
70201821
70201822
70201823
70201824
70201825
70201826
70201827
70201828
70201829
70201830
70201831
70201832
70201833
70201834
70201835
70201836
70201837
70201838
70201839
70201840
70201841
70201842
70201843
70201844
70201845
70201846
70201847
70201848
70201849
70201850
70201851
70201852
70201853
70201854
70201855
70201856
70201857
70201858
70201859
70201860
70201861
70201862
70201863
70201864
70201865
70201866
70201867
70201868
70201869
70201870
70201871
70201872
70201873
70201874
70201875
70201876
70201877
70201878
70201879
70201880
70201881
70201882
70201883
70201884
70201885
70201886
70201887
70201888
70201889
70201890
70201891
70201892
70201893
70201894
70201895
70201896
70201897
70201898
70201899
70201900
70201901
70201902
70201903
70201904
70201905
70201906
70201907
70201908
70201909
70201910
70201911
70201912
70201913
70201914
70201915
70201916
70201917
70201918
70201919
70201920
70201921
70201922
70201923
70201924
70201925
70201926
70201927
70201928
70201929
70201930
70201931
70201932
70201933
70201934
70201935
70201936
70201937
70201938
70201939
70201940
70201941
70201942
70201943
70201944
70201945
70201946
70201947
70201948
70201949
70201950
70201951
70201952
70201953
70201954
70201955
70201956
70201957
70201958
70201959
70201960
70201961
70201962
70201963
70201964
70201965
70201966
70201967
70201968
70201969
70201970
70201971
70201972
70201973
70201974
70201975
70201976
70201977
70201978
70201979
70201980
70201981
70201982
70201983
70201984
70201985
70201986
70201987
70201988
70201989
70201990
70201991
70201992
70201993
70201994
70201995
70201996
70201997
70201998
70201999
70202000
70202001
70202002
70202003
70202004
70202005
70202006
70202007
70202008
70202009
70202010
70202011
70202012
70202013
70202014
70202015
70202016
70202017
70202018
70202019
70202020
70202021
70202022
70202023
70202024
70202025
70202026
70202027
70202028
70202029
70202030
70202031
70202032
70202033
70202034
70202035
70202036
70202037
70202038
70202039
70202040
70202041
70202042
70202043
70202044
70202045
70202046
70202047
70202048
70202049
70202050
70202051
70202052
70202053
70202054
70202055
70202056
70202057
70202058
70202059
70202060
70202061
70202062
70202063
70202064
70202065
70202066
70202067
70202068
70202069
70202070
70202071
70202072
70202073
70202074
70202075
70202076
70202077
70202078
70202079
70202080
70202081
70202082
70202083
70202084
70202085
70202086
70202087
70202088
70202089
70202090
70202091
70202092
70202093
70202094
70202095
70202096
70202097
70202098
70202099
70202100
70202101
70202102
70202103
70202104
70202105
70202106
70202107
70202108
70202109
70202110
70202111
70202112
70202113
70202114
70202115
70202116
70202117
70202118
70202119
70202120
70202121
70202122
70202123
70202124
70202125
70202126
70202127
70202128
70202129
70202130
70202131
70202132
70202133
70202134
70202135
70202136
70202137
70202138
70202139
70202140
70202141
70202142
70202143
70202144
70202145
70202146
70202147
70202148
70202149
70202150
70202151
70202152
70202153
70202154
70202155
70202156
70202157
70202158
70202159
70202160
70202161
70202162
70202163
70202164
70202165
70202166
70202167
70202168
70202169
70202170
70202171
70202172
70202173
70202174
70202175
70202176
70202177
70202178
70202179
70202180
70202181
70202182
70202183
70202184
70202185
70202186
70202187
70202188
70202189
70202190
70202191
70202192
70202193
70202194
70202195
70202196
70202197
70202198
70202199
70202200
70202201
70202202
70202203
70202204
70202205
70202206
70202207
70202208
70202209
70202210
70202211
70202212
70202213
70202214
70202215
70202216
70202217
70202218
70202219
70202220
70202221
70202222
70202223
70202224
70202225
70202226
70202227
70202228
70202229
70202230
70202231
70202232
70202233
70202234
70202235
70202236
70202237
70202238
70202239
70202240
70202241
70202242
70202243
70202244
70202245
70202246
70202247
70202248
70202249
70202250
70202251
70202252
70202253
70202254
70202255
70202256
70202257
70202258
70202259
70202260
70202261
70202262
70202263
70202264
70202265
70202266
70202267
70202268
70202269
70202270
70202271
70202272
70202273
70202274
70202275
70202276
70202277
70202278
70202279
70202280
70202281
70202282
70202283
70202284
70202285
70202286
70202287
70202288
70202289
70202290
70202291
70202292
70202293
70202294
70202295
70202296
70202297
70202298
70202299
70202300
70202301
70202302
70202303
70202304
70202305
70202306
70202307
70202308
70202309
70202310
70202311
70202312
70202313
70202314
70202315
70202316
70202317
70202318
70202319
70202320
70202321
70202322
70202323
70202324
70202325
70202326
70202327
70202328
70202329
70202330
70202331
70202332
70202333
70202334
70202335
70202336
70202337
70202338
70202339
70202340
70202341
70202342
70202343
70202344
70202345
70202346
70202347
70202348
70202349
70202350
70202351
70202352
70202353
70202354
70202355
70202356
70202357
70202358
70202359
70202360
70202361
70202362
70202363
70202364
70202365
70202366
70202367
70202368
70202369
70202370
70202371
70202372
70202373
70202374
70202375
70202376
70202377
70202378
70202379
70202380
70202381
70202382
70202383
70202384
70202385
70202386
70202387
70202388
70202389
70202390
70202391
70202392
70202393
70202394
70202395
70202396
70202397
70202398
70202399
70202400
70202401
70202402
70202403
70202404
70202405
70202406
70202407
70202408
70202409
70202410
70202411
70202412
70202413
70202414
70202415
70202416
70202417
70202418
70202419
70202420
70202421
70202422
70202423
70202424
70202425
70202426
70202427
70202428
70202429
70202430
70202431
70202432
70202433
70202434
70202435
70202436
70202437
70202438
70202439
70202440
70202441
70202442
70202443
70202444
70202445
70202446
70202447
70202448
70202449
70202450
70202451
70202452
70202453
70202454
70202455
70202456
70202457
70202458
70202459
70202460
70202461
70202462
70202463
70202464
70202465
70202466
70202467
70202468
70202469
70202470
70202471
70202472
70202473
70202474
70202475
70202476
70202477
70202478
70202479
70202480
70202481
70202482
70202483
70202484
70202485
70202486
70202487
70202488
70202489
70202490
70202491
70202492
70202493
70202494
70202495
70202496
70202497
70202498
70202499
70202500
70202501
70202502
70202503
70202504
70202505
70202506
70202507
70202508
70202509
70202510
70202511
70202512
70202513
70202514
70202515
70202516
70202517
70202518
70202519
70202520
70202521
70202522
70202523
70202524
70202525
70202526
70202527
70202528
70202529
70202530
70202531
70202532
70202533
70202534
70202535
70202536
70202537
70202538
70202539
70202540
70202541
70202542
70202543
70202544
70202545
70202546
70202547
70202548
70202549
70202550
70202551
70202552
70202553
70202554
70202555
70202556
70202557
70202558
70202559
70202560
70202561
70202562
70202563
70202564
70202565
70202566
70202567
70202568
70202569
70202570
70202571
70202572
70202573
70202574
70202575
70202576
70202577
70202578
70202579
70202580
70202581
70202582
70202583
70202584
70202585
70202586
70202587
70202588
70202589
70202590
70202591
70202592
70202593
70202594
70202595
70202596
70202597
70202598
70202599
70202600
70202601
70202602
70202603
70202604
70202605
70202606
70202607
70202608
70202609
70202610
70202611
70202612
70202613
70202614
70202615
70202616
70202617
70202618
70202619
70202620
70202621
70202622
70202623
70202624
70202625
70202626
70202627
70202628
70202629
70202630
70202631
70202632
70202633
70202634
70202635
70202636
70202637
70202638
70202639
70202640
70202641
70202642
70202643
70202644
70202645
70202646
70202647
70202648
70202649
70202650
70202651
70202652
70202653
70202654
70202655
70202656
70202657
70202658
70202659
70202660
70202661
70202662
70202663
70202664
70202665
70202666
70202667
70202668
70202669
70202670
70202671
70202672
70202673
70202674
70202675
70202676
70202677
70202678
70202679
70202680
70202681
70202682
70202683
70202684
70202685
70202686
70202687
70202688
70202689
70202690
70202691
70202692
70202693
70202694
70202695
70202696
70202697
70202698
70202699
70202700
70202701
70202702
70202703
70202704
70202705
70202706
70202707
70202708
70202709
70202710
70202711
70202712
70202713
70202714
70202715
70202716
70202717
70202718
70202719
70202720
70202721
70202722
70202723
70202724
70202725
70202726
70202727
70202728
70202729
70202730
70202731
70202732
70202733
70202734
70202735
70202736
70202737
70202738
70202739
70202740
70202741
70202742
70202743
70202744
70202745
70202746
70202747
70202748
70202749
70202750
70202751
70202752
70202753
70202754
70202755
70202756
70202757
70202758
70202759
70202760
70202761
70202762
70202763
70202764
70202765
70202766
70202767
70202768
70202769
70202770
70202771
70202772
70202773
70202774
70202775
70202776
70202777
70202778
70202779
70202780
70202781
70202782
70202783
70202784
70202785
70202786
70202787
70202788
70202789
70202790
70202791
70202792
70202793
70202794
70202795
70202796
70202797
70202798
70202799
70202800
70202801
70202802
70202803
70202804
70202805
70202806
70202807
70202808
70202809
70202810
70202811
70202812
70202813
70202814
70202815
70202816
70202817
70202818
70202819
70202820
70202821
70202822
70202823
70202824
70202825
70202826
70202827
70202828
70202829
70202830
70202831
70202832
70202833
70202834
70202835
70202836
70202837
70202838
70202839
70202840
70202841
70202842
70202843
70202844
70202845
70202846
70202847
70202848
70202849
70202850
70202851
70202852
70202853
70202854
70202855
70202856
70202857
70202858
70202859
70202860
70202861
70202862
70202863
70202864
70202865
70202866
70202867
70202868
70202869
70202870
70202871
70202872
70202873
70202874
70202875
70202876
70202877
70202878
70202879
70202880
70202881
70202882
70202883
70202884
70202885
70202886
70202887
70202888
70202889
70202890
70202891
70202892
70202893
70202894
70202895
70202896
70202897
70202898
70202899
70202900
70202901
70202902
70202903
70202904
70202905
70202906
70202907
70202908
70202909
70202910
70202911
70202912
70202913
70202914
70202915
70202916
70202917
70202918
70202919
70202920
70202921
70202922
70202923
70202924
70202925
70202926
70202927
70202928
70202929
70202930
70202931
70202932
70202933
70202934
70202935
70202936
70202937
70202938
70202939
70202940
70202941
70202942
70202943
70202944
70202945
70202946
70202947
70202948
70202949
70202950
70202951
70202952
70202953
70202954
70202955
70202956
70202957
70202958
70202959
70202960
70202961
70202962
70202963
70202964
70202965
70202966
70202967
70202968
70202969
70202970
70202971
70202972
70202973
70202974
70202975
70202976
70202977
70202978
70202979
70202980
70202981
70202982
70202983
70202984
70202985
70202986
70202987
70202988
70202989
70202990
70202991
70202992
70202993
70202994
70202995
70202996
70202997
70202998
70202999
70203000
70203001
70203002
70203003
70203004
70203005
70203006
70203007
70203008
70203009
70203010
70203011
70203012
70203013
70203014
70203015
70203016
70203017
70203018
70203019
70203020
70203021
70203022
70203023
70203024
70203025
70203026
70203027
70203028
70203029
70203030
70203031
70203032
70203033
70203034
70203035
70203036
70203037
70203038
70203039
70203040
70203041
70203042
70203043
70203044
70203045
70203046
70203047
70203048
70203049
70203050
70203051
70203052
70203053
70203054
70203055
70203056
70203057
70203058
70203059
70203060
70203061
70203062
70203063
70203064
70203065
70203066
70203067
70203068
70203069
70203070
70203071
70203072
70203073
70203074
70203075
70203076
70203077
70203078
70203079
70203080
70203081
70203082
70203083
70203084
70203085
70203086
70203087
70203088
70203089
70203090
70203091
70203092
70203093
70203094
70203095
70203096
70203097
70203098
70203099
70203100
70203101
70203102
70203103
70203104
70203105
70203106
70203107
70203108
70203109
70203110
70203111
70203112
70203113
70203114
70203115
70203116
70203117
70203118
70203119
70203120
70203121
70203122
70203123
70203124
70203125
70203126
70203127
70203128
70203129
70203130
70203131
70203132
70203133
70203134
70203135
70203136
70203137
70203138
70203139
70203140
70203141
70203142
70203143
70203144
70203145
70203146
70203147
70203148
70203149
70203150
70203151
70203152
70203153
70203154
70203155
70203156
70203157
70203158
70203159
70203160
70203161
70203162
70203163
70203164
70203165
70203166
70203167
70203168
70203169
70203170
70203171
70203172
70203173
70203174
70203175
70203176
70203177
70203178
70203179
70203180
70203181
70203182
70203183
70203184
70203185
70203186
70203187
70203188
70203189
70203190
70203191
70203192
70203193
70203194
70203195
70203196
70203197
70203198
70203199
70203200
70203201
70203202
70203203
70203204
70203205
70203206
70203207
70203208
70203209
70203210
70203211
70203212
70203213
70203214
70203215
70203216
70203217
70203218
70203219
70203220
70203221
70203222
70203223
70203224
70203225
70203226
70203227
70203228
70203229
70203230
70203231
70203232
70203233
70203234
70203235
70203236
70203237
70203238
70203239
70203240
70203241
70203242
70203243
70203244
70203245
70203246
70203247
70203248
70203249
70203250
70203251
70203252
70203253
70203254
70203255
70203256
70203257
70203258
70203259
70203260
70203261
70203262
70203263
70203264
70203265
70203266
70203267
70203268
70203269
70203270
70203271
70203272
70203273
70203274
70203275
70203276
70203277
70203278
70203279
70203280
70203281
70203282
70203283
70203284
70203285
70203286
70203287
70203288
70203289
70203290
70203291
70203292
70203293
70203294
70203295
70203296
70203297
70203298
70203299
70203300
70203301
70203302
70203303
70203304
70203305
70203306
70203307
70203308
70203309
70203310
70203311
70203312
70203313
70203314
70203315
70203316
70203317
70203318
70203319
70203320
70203321
70203322
70203323
70203324
70203325
70203326
70203327
70203328
70203329
70203330
70203331
70203332
70203333
70203334
70203335
70203336
70203337
70203338
70203339
70203340
70203341
70203342
70203343
70203344
70203345
70203346
70203347
70203348
70203349
70203350
70203351
70203352
70203353
70203354
70203355
70203356
70203357
70203358
70203359
70203360
70203361
70203362
70203363
70203364
70203365
70203366
70203367
70203368
70203369
70203370
70203371
70203372
70203373
70203374
70203375
70203376
70203377
70203378
70203379
70203380
70203381
70203382
70203383
70203384
70203385
70203386
70203387
70203388
70203389
70203390
70203391
70203392
70203393
70203394
70203395
70203396
70203397
70203398
70203399
70203400
70203401
70203402
70203403
70203404
70203405
70203406
70203407
70203408
70203409
70203410
70203411
70203412
70203413
70203414
70203415
70203416
70203417
70203418
70203419
70203420
70203421
70203422
70203423
70203424
70203425
70203426
70203427
70203428
70203429
70203430
70203431
70203432
70203433
70203434
70203435
70203436
70203437
70203438
70203439
70203440
70203441
70203442
70203443
70203444
70203445
70203446
70203447
70203448
70203449
70203450
70203451
70203452
70203453
70203454
70203455
70203456
70203457
70203458
70203459
70203460
70203461
70203462
70203463
70203464
70203465
70203466
70203467
70203468
70203469
70203470
70203471
70203472
70203473
70203474
70203475
70203476
70203477
70203478
70203479
70203480
70203481
70203482
70203483
70203484
70203485
70203486
70203487
70203488
70203489
70203490
70203491
70203492
70203493
70203494
70203495
70203496
70203497
70203498
70203499
70203500
70203501
70203502
70203503
70203504
70203505
70203506
70203507
70203508
70203509
70203510
70203511
70203512
70203513
70203514
70203515
70203516
70203517
70203518
70203519
70203520
70203521
70203522
70203523
70203524
70203525
70203526
70203527
70203528
70203529
70203530
70203531
70203532
70203533
70203534
70203535
70203536
70203537
70203538
70203539
70203540
70203541
70203542
70203543
70203544
70203545
70203546
70203547
70203548
70203549
70203550
70203551
70203552
70203553
70203554
70203555
70203556
70203557
70203558
70203559
70203560
70203561
70203562
70203563
70203564
70203565
70203566
70203567
70203568
70203569
70203570
70203571
70203572
70203573
70203574
70203575
70203576
70203577
70203578
70203579
70203580
70203581
70203582
70203583
70203584
70203585
70203586
70203587
70203588
70203589
70203590
70203591
70203592
70203593
70203594
70203595
70203596
70203597
70203598
70203599
70203600
70203601
70203602
70203603
70203604
70203605
70203606
70203607
70203608
70203609
70203610
70203611
70203612
70203613
70203614
70203615
70203616
70203617
70203618
70203619
70203620
70203621
70203622
70203623
70203624
70203625
70203626
70203627
70203628
70203629
70203630
70203631
70203632
70203633
70203634
70203635
70203636
70203637
70203638
70203639
70203640
70203641
70203642
70203643
70203644
70203645
70203646
70203647
70203648
70203649
70203650
70203651
70203652
70203653
70203654
70203655
70203656
70203657
70203658
70203659
70203660
70203661
70203662
70203663
70203664
70203665
70203666
70203667
70203668
70203669
70203670
70203671
70203672
70203673
70203674
70203675
70203676
70203677
70203678
70203679
70203680
70203681
70203682
70203683
70203684
70203685
70203686
70203687
70203688
70203689
70203690
70203691
70203692
70203693
70203694
70203695
70203696
70203697
70203698
70203699
70203700
70203701
70203702
70203703
70203704
70203705
70203706
70203707
70203708
70203709
70203710
70203711
70203712
70203713
70203714
70203715
70203716
70203717
70203718
70203719
70203720
70203721
70203722
70203723
70203724
70203725
70203726
70203727
70203728
70203729
70203730
70203731
70203732
70203733
70203734
70203735
70203736
70203737
70203738
70203739
70203740
70203741
70203742
70203743
70203744
70203745
70203746
70203747
70203748
70203749
70203750
70203751
70203752
70203753
70203754
70203755
70203756
70203757
70203758
70203759
70203760
70203761
70203762
70203763
70203764
70203765
70203766
70203767
70203768
70203769
70203770
70203771
70203772
70203773
70203774
70203775
70203776
70203777
70203778
70203779
70203780
70203781
70203782
70203783
70203784
70203785
70203786
70203787
70203788
70203789
70203790
70203791
70203792
70203793
70203794
70203795
70203796
70203797
70203798
70203799
70203800
70203801
70203802
70203803
70203804
70203805
70203806
70203807
70203808
70203809
70203810
70203811
70203812
70203813
70203814
70203815
70203816
70203817
70203818
70203819
70203820
70203821
70203822
70203823
70203824
70203825
70203826
70203827
70203828
70203829
70203830
70203831
70203832
70203833
70203834
70203835
70203836
70203837
70203838
70203839
70203840
70203841
70203842
70203843
70203844
70203845
70203846
70203847
70203848
70203849
70203850
70203851
70203852
70203853
70203854
70203855
70203856
70203857
70203858
70203859
70203860
70203861
70203862
70203863
70203864
70203865
70203866
70203867
70203868
70203869
70203870
70203871
70203872
70203873
70203874
70203875
70203876
70203877
70203878
70203879
70203880
70203881
70203882
70203883
70203884
70203885
70203886
70203887
70203888
70203889
70203890
70203891
70203892
70203893
70203894
70203895
70203896
70203897
70203898
70203899
70203900
70203901
70203902
70203903
70203904
70203905
70203906
70203907
70203908
70203909
70203910
70203911
70203912
70203913
70203914
70203915
70203916
70203917
70203918
70203919
70203920
70203921
70203922
70203923
70203924
70203925
70203926
70203927
70203928
70203929
70203930
70203931
70203932
70203933
70203934
70203935
70203936
70203937
70203938
70203939
70203940
70203941
70203942
70203943
70203944
70203945
70203946
70203947
70203948
70203949
70203950
70203951
70203952
70203953
70203954
70203955
70203956
70203957
70203958
70203959
70203960
70203961
70203962
70203963
70203964
70203965
70203966
70203967
70203968
70203969
70203970
70203971
70203972
70203973
70203974
70203975
70203976
70203977
70203978
70203979
70203980
70203981
70203982
70203983
70203984
70203985
70203986
70203987
70203988
70203989
70203990
70203991
70203992
70203993
70203994
70203995
70203996
70203997
70203998
70203999
70204000
70204001
70204002
70204003
70204004
70204005
70204006
70204007
70204008
70204009
70204010
70204011
70204012
70204013
70204014
70204015
70204016
70204017
70204018
70204019
70204020
70204021
70204022
70204023
70204024
70204025
70204026
70204027
70204028
70204029
70204030
70204031
70204032
70204033
70204034
70204035
70204036
70204037
70204038
70204039
70204040
70204041
70204042
70204043
70204044
70204045
70204046
70204047
70204048
70204049
70204050
70204051
70204052
70204053
70204054
70204055
70204056
70204057
70204058
70204059
70204060
70204061
70204062
70204063
70204064
70204065
70204066
70204067
70204068
70204069
70204070
70204071
70204072
70204073
70204074
70204075
70204076
70204077
70204078
70204079
70204080
70204081
70204082
70204083
70204084
70204085
70204086
70204087
70204088
70204089
70204090
70204091
70204092
70204093
70204094
70204095
70204096
70204097
70204098
70204099
70204100
70204101
70204102
70204103
70204104
70204105
70204106
70204107
70204108
70204109
70204110
70204111
70204112
70204113
70204114
70204115
70204116
70204117
70204118
70204119
70204120
70204121
70204122
70204123
70204124
70204125
70204126
70204127
70204128
70204129
70204130
70204131
70204132
70204133
70204134
70204135
70204136
70204137
70204138
70204139
70204140
70204141
70204142
70204143
70204144
70204145
70204146
70204147
70204148
70204149
70204150
70204151
70204152
70204153
70204154
70204155
70204156
70204157
70204158
70204159
70204160
70204161
70204162
70204163
70204164
70204165
70204166
70204167
70204168
70204169
70204170
70204171
70204172
70204173
70204174
70204175
70204176
70204177
70204178
70204179
70204180
70204181
70204182
70204183
70204184
70204185
70204186
70204187
70204188
70204189
70204190
70204191
70204192
70204193
70204194
70204195
70204196
70204197
70204198
70204199
70204200
70204201
70204202
70204203
70204204
70204205
70204206
70204207
70204208
70204209
70204210
70204211
70204212
70204213
70204214
70204215
70204216
70204217
70204218
70204219
70204220
70204221
70204222
70204223
70204224
70204225
70204226
70204227
70204228
70204229
70204230
70204231
70204232
70204233
70204234
70204235
70204236
70204237
70204238
70204239
70204240
70204241
70204242
70204243
70204244
70204245
70204246
70204247
70204248
70204249
70204250
70204251
70204252
70204253
70204254
70204255
70204256
70204257
70204258
70204259
70204260
70204261
70204262
70204263
70204264
70204265
70204266
70204267
70204268
70204269
70204270
70204271
70204272
70204273
70204274
70204275
70204276
70204277
70204278
70204279
70204280
70204281
70204282
70204283
70204284
70204285
70204286
70204287
70204288
70204289
70204290
70204291
70204292
70204293
70204294
70204295
70204296
70204297
70204298
70204299
70204300
70204301
70204302
70204303
70204304
70204305
70204306
70204307
70204308
70204309
70204310
70204311
70204312
70204313
70204314
70204315
70204316
70204317
70204318
70204319
70204320
70204321
70204322
70204323
70204324
70204325
70204326
70204327
70204328
70204329
70204330
70204331
70204332
70204333
70204334
70204335
70204336
70204337
70204338
70204339
70204340
70204341
70204342
70204343
70204344
70204345
70204346
70204347
70204348
70204349
70204350
70204351
70204352
70204353
70204354
70204355
70204356
70204357
70204358
70204359
70204360
70204361
70204362
70204363
70204364
70204365
70204366
70204367
70204368
70204369
70204370
70204371
70204372
70204373
70204374
70204375
70204376
70204377
70204378
70204379
70204380
70204381
70204382
70204383
70204384
70204385
70204386
70204387
70204388
70204389
70204390
70204391
70204392
70204393
70204394
70204395
70204396
70204397
70204398
70204399
70204400
70204401
70204402
70204403
70204404
70204405
70204406
70204407
70204408
70204409
70204410
70204411
70204412
70204413
70204414
70204415
70204416
70204417
70204418
70204419
70204420
70204421
70204422
70204423
70204424
70204425
70204426
70204427
70204428
70204429
70204430
70204431
70204432
70204433
70204434
70204435
70204436
70204437
70204438
70204439
70204440
70204441
70204442
70204443
70204444
70204445
70204446
70204447
70204448
70204449
70204450
70204451
70204452
70204453
70204454
70204455
70204456
70204457
70204458
70204459
70204460
70204461
70204462
70204463
70204464
70204465
70204466
70204467
70204468
70204469
70204470
70204471
70204472
70204473
70204474
70204475
70204476
70204477
70204478
70204479
70204480
70204481
70204482
70204483
70204484
70204485
70204486
70204487
70204488
70204489
70204490
70204491
70204492
70204493
70204494
70204495
70204496
70204497
70204498
70204499
70204500
70204501
70204502
70204503
70204504
70204505
70204506
70204507
70204508
70204509
70204510
70204511
70204512
70204513
70204514
70204515
70204516
70204517
70204518
70204519
70204520
70204521
70204522
70204523
70204524
70204525
70204526
70204527
70204528
70204529
70204530
70204531
70204532
70204533
70204534
70204535
70204536
70204537
70204538
70204539
70204540
70204541
70204542
70204543
70204544
70204545
70204546
70204547
70204548
70204549
70204550
70204551
70204552
70204553
70204554
70204555
70204556
70204557
70204558
70204559
70204560
70204561
70204562
70204563
70204564
70204565
70204566
70204567
70204568
70204569
70204570
70204571
70204572
70204573
70204574
70204575
70204576
70204577
70204578
70204579
70204580
70204581
70204582
70204583
70204584
70204585
70204586
70204587
70204588
70204589
70204590
70204591
70204592
70204593
70204594
70204595
70204596
70204597
70204598
70204599
70204600
70204601
70204602
70204603
70204604
70204605
70204606
70204607
70204608
70204609
70204610
70204611
70204612
70204613
70204614
70204615
70204616
70204617
70204618
70204619
70204620
70204621
70204622
70204623
70204624
70204625
70204626
70204627
70204628
70204629
70204630
70204631
70204632
70204633
70204634
70204635
70204636
70204637
70204638
70204639
70204640
70204641
70204642
70204643
70204644
70204645
70204646
70204647
70204648
70204649
70204650
70204651
70204652
70204653
70204654
70204655
70204656
70204657
70204658
70204659
70204660
70204661
70204662
70204663
70204664
70204665
70204666
70204667
70204668
70204669
70204670
70204671
70204672
70204673
70204674
70204675
70204676
70204677
70204678
70204679
70204680
70204681
70204682
70204683
70204684
70204685
70204686
70204687
70204688
70204689
70204690
70204691
70204692
70204693
70204694
70204695
70204696
70204697
70204698
70204699
70204700
70204701
70204702
70204703
70204704
70204705
70204706
70204707
70204708
70204709
70204710
70204711
70204712
70204713
70204714
70204715
70204716
70204717
70204718
70204719
70204720
70204721
70204722
70204723
70204724
70204725
70204726
70204727
70204728
70204729
70204730
70204731
70204732
70204733
70204734
70204735
70204736
70204737
70204738
70204739
70204740
70204741
70204742
70204743
70204744
70204745
70204746
70204747
70204748
70204749
70204750
70204751
70204752
70204753
70204754
70204755
70204756
70204757
70204758
70204759
70204760
70204761
70204762
70204763
70204764
70204765
70204766
70204767
70204768
70204769
70204770
70204771
70204772
70204773
70204774
70204775
70204776
70204777
70204778
70204779
70204780
70204781
70204782
70204783
70204784
70204785
70204786
70204787
70204788
70204789
70204790
70204791
70204792
70204793
70204794
70204795
70204796
70204797
70204798
70204799
70204800
70204801
70204802
70204803
70204804
70204805
70204806
70204807
70204808
70204809
70204810
70204811
70204812
70204813
70204814
70204815
70204816
70204817
70204818
70204819
70204820
70204821
70204822
70204823
70204824
70204825
70204826
70204827
70204828
70204829
70204830
70204831
70204832
70204833
70204834
70204835
70204836
70204837
70204838
70204839
70204840
70204841
70204842
70204843
70204844
70204845
70204846
70204847
70204848
70204849
70204850
70204851
70204852
70204853
70204854
70204855
70204856
70204857
70204858
70204859
70204860
70204861
70204862
70204863
70204864
70204865
70204866
70204867
70204868
70204869
70204870
70204871
70204872
70204873
70204874
70204875
70204876
70204877
70204878
70204879
70204880
70204881
70204882
70204883
70204884
70204885
70204886
70204887
70204888
70204889
70204890
70204891
70204892
70204893
70204894
70204895
70204896
70204897
70204898
70204899
70204900
70204901
70204902
70204903
70204904
70204905
70204906
70204907
70204908
70204909
70204910
70204911
70204912
70204913
70204914
70204915
70204916
70204917
70204918
70204919
70204920
70204921
70204922
70204923
70204924
70204925
70204926
70204927
70204928
70204929
70204930
70204931
70204932
70204933
70204934
70204935
70204936
70204937
70204938
70204939
70204940
70204941
70204942
70204943
70204944
70204945
70204946
70204947
70204948
70204949
70204950
70204951
70204952
70204953
70204954
70204955
70204956
70204957
70204958
70204959
70204960
70204961
70204962
70204963
70204964
70204965
70204966
70204967
70204968
70204969
70204970
70204971
70204972
70204973
70204974
70204975
70204976
70204977
70204978
70204979
70204980
70204981
70204982
70204983
70204984
70204985
70204986
70204987
70204988
70204989
70204990
70204991
70204992
70204993
70204994
70204995
70204996
70204997
70204998
70204999
70205000
70205001
70205002
70205003
70205004
70205005
70205006
70205007
70205008
70205009
70205010
70205011
70205012
70205013
70205014
70205015
70205016
70205017
70205018
70205019
70205020
70205021
70205022
70205023
70205024
70205025
70205026
70205027
70205028
70205029
70205030
70205031
70205032
70205033
70205034
70205035
70205036
70205037
70205038
70205039
70205040
70205041
70205042
70205043
70205044
70205045
70205046
70205047
70205048
70205049
70205050
70205051
70205052
70205053
70205054
70205055
70205056
70205057
70205058
70205059
70205060
70205061
70205062
70205063
70205064
70205065
70205066
70205067
70205068
70205069
70205070
70205071
70205072
70205073
70205074
70205075
70205076
70205077
70205078
70205079
70205080
70205081
70205082
70205083
70205084
70205085
70205086
70205087
70205088
70205089
70205090
70205091
70205092
70205093
70205094
70205095
70205096
70205097
70205098
70205099
70205100
70205101
70205102
70205103
70205104
70205105
70205106
70205107
70205108
70205109
70205110
70205111
70205112
70205113
70205114
70205115
70205116
70205117
70205118
70205119
70205120
70205121
70205122
70205123
70205124
70205125
70205126
70205127
70205128
70205129
70205130
70205131
70205132
70205133
70205134
70205135
70205136
70205137
70205138
70205139
70205140
70205141
70205142
70205143
70205144
70205145
70205146
70205147
70205148
70205149
70205150
70205151
70205152
70205153
70205154
70205155
70205156
70205157
70205158
70205159
70205160
70205161
70205162
70205163
70205164
70205165
70205166
70205167
70205168
70205169
70205170
70205171
70205172
70205173
70205174
70205175
70205176
70205177
70205178
70205179
70205180
70205181
70205182
70205183
70205184
70205185
70205186
70205187
70205188
70205189
70205190
70205191
70205192
70205193
70205194
70205195
70205196
70205197
70205198
70205199
70205200
70205201
70205202
70205203
70205204
70205205
70205206
70205207
70205208
70205209
70205210
70205211
70205212
70205213
70205214
70205215
70205216
70205217
70205218
70205219
70205220
70205221
70205222
70205223
70205224
70205225
70205226
70205227
70205228
70205229
70205230
70205231
70205232
70205233
70205234
70205235
70205236
70205237
70205238
70205239
70205240
70205241
70205242
70205243
70205244
70205245
70205246
70205247
70205248
70205249
70205250
70205251
70205252
70205253
70205254
70205255
70205256
70205257
70205258
70205259
70205260
70205261
70205262
70205263
70205264
70205265
70205266
70205267
70205268
70205269
70205270
70205271
70205272
70205273
70205274
70205275
70205276
70205277
70205278
70205279
70205280
70205281
70205282
70205283
70205284
70205285
70205286
70205287
70205288
70205289
70205290
70205291
70205292
70205293
70205294
70205295
70205296
70205297
70205298
70205299
70205300
70205301
70205302
70205303
70205304
70205305
70205306
70205307
70205308
70205309
70205310
70205311
70205312
70205313
70205314
70205315
70205316
70205317
70205318
70205319
70205320
70205321
70205322
70205323
70205324
70205325
70205326
70205327
70205328
70205329
70205330
70205331
70205332
70205333
70205334
70205335
70205336
70205337
70205338
70205339
70205340
70205341
70205342
70205343
70205344
70205345
70205346
70205347
70205348
70205349
70205350
70205351
70205352
70205353
70205354
70205355
70205356
70205357
70205358
70205359
70205360
70205361
70205362
70205363
70205364
70205365
70205366
70205367
70205368
70205369
70205370
70205371
70205372
70205373
70205374
70205375
70205376
70205377
70205378
70205379
70205380
70205381
70205382
70205383
70205384
70205385
70205386
70205387
70205388
70205389
70205390
70205391
70205392
70205393
70205394
70205395
70205396
70205397
70205398
70205399
70205400
70205401
70205402
70205403
70205404
70205405
70205406
70205407
70205408
70205409
70205410
70205411
70205412
70205413
70205414
70205415
70205416
70205417
70205418
70205419
70205420
70205421
70205422
70205423
70205424
70205425
70205426
70205427
70205428
70205429
70205430
70205431
70205432
70205433
70205434
70205435
70205436
70205437
70205438
70205439
70205440
70205441
70205442
70205443
70205444
70205445
70205446
70205447
70205448
70205449
70205450
70205451
70205452
70205453
70205454
70205455
70205456
70205457
70205458
70205459
70205460
70205461
70205462
70205463
70205464
70205465
70205466
70205467
70205468
70205469
70205470
70205471
70205472
70205473
70205474
70205475
70205476
70205477
70205478
70205479
70205480
70205481
70205482
70205483
70205484
70205485
70205486
70205487
70205488
70205489
70205490
70205491
70205492
70205493
70205494
70205495
70205496
70205497
70205498
70205499
70205500
70205501
70205502
70205503
70205504
70205505
70205506
70205507
70205508
70205509
70205510
70205511
70205512
70205513
70205514
70205515
70205516
70205517
70205518
70205519
70205520
70205521
70205522
70205523
70205524
70205525
70205526
70205527
70205528
70205529
70205530
70205531
70205532
70205533
70205534
70205535
70205536
70205537
70205538
70205539
70205540
70205541
70205542
70205543
70205544
70205545
70205546
70205547
70205548
70205549
70205550
70205551
70205552
70205553
70205554
70205555
70205556
70205557
70205558
70205559
70205560
70205561
70205562
70205563
70205564
70205565
70205566
70205567
70205568
70205569
70205570
70205571
70205572
70205573
70205574
70205575
70205576
70205577
70205578
70205579
70205580
70205581
70205582
70205583
70205584
70205585
70205586
70205587
70205588
70205589
70205590
70205591
70205592
70205593
70205594
70205595
70205596
70205597
70205598
70205599
70205600
70205601
70205602
70205603
70205604
70205605
70205606
70205607
70205608
70205609
70205610
70205611
70205612
70205613
70205614
70205615
70205616
70205617
70205618
70205619
70205620
70205621
70205622
70205623
70205624
70205625
70205626
70205627
70205628
70205629
70205630
70205631
70205632
70205633
70205634
70205635
70205636
70205637
70205638
70205639
70205640
70205641
70205642
70205643
70205644
70205645
70205646
70205647
70205648
70205649
70205650
70205651
70205652
70205653
70205654
70205655
70205656
70205657
70205658
70205659
70205660
70205661
70205662
70205663
70205664
70205665
70205666
70205667
70205668
70205669
70205670
70205671
70205672
70205673
70205674
70205675
70205676
70205677
70205678
70205679
70205680
70205681
70205682
70205683
70205684
70205685
70205686
70205687
70205688
70205689
70205690
70205691
70205692
70205693
70205694
70205695
70205696
70205697
70205698
70205699
70205700
70205701
70205702
70205703
70205704
70205705
70205706
70205707
70205708
70205709
70205710
70205711
70205712
70205713
70205714
70205715
70205716
70205717
70205718
70205719
70205720
70205721
70205722
70205723
70205724
70205725
70205726
70205727
70205728
70205729
70205730
70205731
70205732
70205733
70205734
70205735
70205736
70205737
70205738
70205739
70205740
70205741
70205742
70205743
70205744
70205745
70205746
70205747
70205748
70205749
70205750
70205751
70205752
70205753
70205754
70205755
70205756
70205757
70205758
70205759
70205760
70205761
70205762
70205763
70205764
70205765
70205766
70205767
70205768
70205769
70205770
70205771
70205772
70205773
70205774
70205775
70205776
70205777
70205778
70205779
70205780
70205781
70205782
70205783
70205784
70205785
70205786
70205787
70205788
70205789
70205790
70205791
70205792
70205793
70205794
70205795
70205796
70205797
70205798
70205799
70205800
70205801
70205802
70205803
70205804
70205805
70205806
70205807
70205808
70205809
70205810
70205811
70205812
70205813
70205814
70205815
70205816
70205817
70205818
70205819
70205820
70205821
70205822
70205823
70205824
70205825
70205826
70205827
70205828
70205829
70205830
70205831
70205832
70205833
70205834
70205835
70205836
70205837
70205838
70205839
70205840
70205841
70205842
70205843
70205844
70205845
70205846
70205847
70205848
70205849
70205850
70205851
70205852
70205853
70205854
70205855
70205856
70205857
70205858
70205859
70205860
70205861
70205862
70205863
70205864
70205865
70205866
70205867
70205868
70205869
70205870
70205871
70205872
70205873
70205874
70205875
70205876
70205877
70205878
70205879
70205880
70205881
70205882
70205883
70205884
70205885
70205886
70205887
70205888
70205889
70205890
70205891
70205892
70205893
70205894
70205895
70205896
70205897
70205898
70205899
70205900
70205901
70205902
70205903
70205904
70205905
70205906
70205907
70205908
70205909
70205910
70205911
70205912
70205913
70205914
70205915
70205916
70205917
70205918
70205919
70205920
70205921
70205922
70205923
70205924
70205925
70205926
70205927
70205928
70205929
70205930
70205931
70205932
70205933
70205934
70205935
70205936
70205937
70205938
70205939
70205940
70205941
70205942
70205943
70205944
70205945
70205946
70205947
70205948
70205949
70205950
70205951
70205952
70205953
70205954
70205955
70205956
70205957
70205958
70205959
70205960
70205961
70205962
70205963
70205964
70205965
70205966
70205967
70205968
70205969
70205970
70205971
70205972
70205973
70205974
70205975
70205976
70205977
70205978
70205979
70205980
70205981
70205982
70205983
70205984
70205985
70205986
70205987
70205988
70205989
70205990
70205991
70205992
70205993
70205994
70205995
70205996
70205997
70205998
70205999
70206000
70206001
70206002
70206003
70206004
70206005
70206006
70206007
70206008
70206009
70206010
70206011
70206012
70206013
70206014
70206015
70206016
70206017
70206018
70206019
70206020
70206021
70206022
70206023
70206024
70206025
70206026
70206027
70206028
70206029
70206030
70206031
70206032
70206033
70206034
70206035
70206036
70206037
70206038
70206039
70206040
70206041
70206042
70206043
70206044
70206045
70206046
70206047
70206048
70206049
70206050
70206051
70206052
70206053
70206054
70206055
70206056
70206057
70206058
70206059
70206060
70206061
70206062
70206063
70206064
70206065
70206066
70206067
70206068
70206069
70206070
70206071
70206072
70206073
70206074
70206075
70206076
70206077
70206078
70206079
70206080
70206081
70206082
70206083
70206084
70206085
70206086
70206087
70206088
70206089
70206090
70206091
70206092
70206093
70206094
70206095
70206096
70206097
70206098
70206099
70206100
70206101
70206102
70206103
70206104
70206105
70206106
70206107
70206108
70206109
70206110
70206111
70206112
70206113
70206114
70206115
70206116
70206117
70206118
70206119
70206120
70206121
70206122
70206123
70206124
70206125
70206126
70206127
70206128
70206129
70206130
70206131
70206132
70206133
70206134
70206135
70206136
70206137
70206138
70206139
70206140
70206141
70206142
70206143
70206144
70206145
70206146
70206147
70206148
70206149
70206150
70206151
70206152
70206153
70206154
70206155
70206156
70206157
70206158
70206159
70206160
70206161
70206162
70206163
70206164
70206165
70206166
70206167
70206168
70206169
70206170
70206171
70206172
70206173
70206174
70206175
70206176
70206177
70206178
70206179
70206180
70206181
70206182
70206183
70206184
70206185
70206186
70206187
70206188
70206189
70206190
70206191
70206192
70206193
70206194
70206195
70206196
70206197
70206198
70206199
70206200
70206201
70206202
70206203
70206204
70206205
70206206
70206207
70206208
70206209
70206210
70206211
70206212
70206213
70206214
70206215
70206216
70206217
70206218
70206219
70206220
70206221
70206222
70206223
70206224
70206225
70206226
70206227
70206228
70206229
70206230
70206231
70206232
70206233
70206234
70206235
70206236
70206237
70206238
70206239
70206240
70206241
70206242
70206243
70206244
70206245
70206246
70206247
70206248
70206249
70206250
70206251
70206252
70206253
70206254
70206255
70206256
70206257
70206258
70206259
70206260
70206261
70206262
70206263
70206264
70206265
70206266
70206267
70206268
70206269
70206270
70206271
70206272
70206273
70206274
70206275
70206276
70206277
70206278
70206279
70206280
70206281
70206282
70206283
70206284
70206285
70206286
70206287
70206288
70206289
70206290
70206291
70206292
70206293
70206294
70206295
70206296
70206297
70206298
70206299
70206300
70206301
70206302
70206303
70206304
70206305
70206306
70206307
70206308
70206309
70206310
70206311
70206312
70206313
70206314
70206315
70206316
70206317
70206318
70206319
70206320
70206321
70206322
70206323
70206324
70206325
70206326
70206327
70206328
70206329
70206330
70206331
70206332
70206333
70206334
70206335
70206336
70206337
70206338
70206339
70206340
70206341
70206342
70206343
70206344
70206345
70206346
70206347
70206348
70206349
70206350
70206351
70206352
70206353
70206354
70206355
70206356
70206357
70206358
70206359
70206360
70206361
70206362
70206363
70206364
70206365
70206366
70206367
70206368
70206369
70206370
70206371
70206372
70206373
70206374
70206375
70206376
70206377
70206378
70206379
70206380
70206381
70206382
70206383
70206384
70206385
70206386
70206387
70206388
70206389
70206390
70206391
70206392
70206393
70206394
70206395
70206396
70206397
70206398
70206399
70206400
70206401
70206402
70206403
70206404
70206405
70206406
70206407
70206408
70206409
70206410
70206411
70206412
70206413
70206414
70206415
70206416
70206417
70206418
70206419
70206420
70206421
70206422
70206423
70206424
70206425
70206426
70206427
70206428
70206429
70206430
70206431
70206432
70206433
70206434
70206435
70206436
70206437
70206438
70206439
70206440
70206441
70206442
70206443
70206444
70206445
70206446
70206447
70206448
70206449
70206450
70206451
70206452
70206453
70206454
70206455
70206456
70206457
70206458
70206459
70206460
70206461
70206462
70206463
70206464
70206465
70206466
70206467
70206468
70206469
70206470
70206471
70206472
70206473
70206474
70206475
70206476
70206477
70206478
70206479
70206480
70206481
70206482
70206483
70206484
70206485
70206486
70206487
70206488
70206489
70206490
70206491
70206492
70206493
70206494
70206495
70206496
70206497
70206498
70206499
70206500
70206501
70206502
70206503
70206504
70206505
70206506
70206507
70206508
70206509
70206510
70206511
70206512
70206513
70206514
70206515
70206516
70206517
70206518
70206519
70206520
70206521
70206522
70206523
70206524
70206525
70206526
70206527
70206528
70206529
70206530
70206531
70206532
70206533
70206534
70206535
70206536
70206537
70206538
70206539
70206540
70206541
70206542
70206543
70206544
70206545
70206546
70206547
70206548
70206549
70206550
70206551
70206552
70206553
70206554
70206555
70206556
70206557
70206558
70206559
70206560
70206561
70206562
70206563
70206564
70206565
70206566
70206567
70206568
70206569
70206570
70206571
70206572
70206573
70206574
70206575
70206576
70206577
70206578
70206579
70206580
70206581
70206582
70206583
70206584
70206585
70206586
70206587
70206588
70206589
70206590
70206591
70206592
70206593
70206594
70206595
70206596
70206597
70206598
70206599
70206600
70206601
70206602
70206603
70206604
70206605
70206606
70206607
70206608
70206609
70206610
70206611
70206612
70206613
70206614
70206615
70206616
70206617
70206618
70206619
70206620
70206621
70206622
70206623
70206624
70206625
70206626
70206627
70206628
70206629
70206630
70206631
70206632
70206633
70206634
70206635
70206636
70206637
70206638
70206639
70206640
70206641
70206642
70206643
70206644
70206645
70206646
70206647
70206648
70206649
70206650
70206651
70206652
70206653
70206654
70206655
70206656
70206657
70206658
70206659
70206660
70206661
70206662
70206663
70206664
70206665
70206666
70206667
70206668
70206669
70206670
70206671
70206672
70206673
70206674
70206675
70206676
70206677
70206678
70206679
70206680
70206681
70206682
70206683
70206684
70206685
70206686
70206687
70206688
70206689
70206690
70206691
70206692
70206693
70206694
70206695
70206696
70206697
70206698
70206699
70206700
70206701
70206702
70206703
70206704
70206705
70206706
70206707
70206708
70206709
70206710
70206711
70206712
70206713
70206714
70206715
70206716
70206717
70206718
70206719
70206720
70206721
70206722
70206723
70206724
70206725
70206726
70206727
70206728
70206729
70206730
70206731
70206732
70206733
70206734
70206735
70206736
70206737
70206738
70206739
70206740
70206741
70206742
70206743
70206744
70206745
70206746
70206747
70206748
70206749
70206750
70206751
70206752
70206753
70206754
70206755
70206756
70206757
70206758
70206759
70206760
70206761
70206762
70206763
70206764
70206765
70206766
70206767
70206768
70206769
70206770
70206771
70206772
70206773
70206774
70206775
70206776
70206777
70206778
70206779
70206780
70206781
70206782
70206783
70206784
70206785
70206786
70206787
70206788
70206789
70206790
70206791
70206792
70206793
70206794
70206795
70206796
70206797
70206798
70206799
70206800
70206801
70206802
70206803
70206804
70206805
70206806
70206807
70206808
70206809
70206810
70206811
70206812
70206813
70206814
70206815
70206816
70206817
70206818
70206819
70206820
70206821
70206822
70206823
70206824
70206825
70206826
70206827
70206828
70206829
70206830
70206831
70206832
70206833
70206834
70206835
70206836
70206837
70206838
70206839
70206840
70206841
70206842
70206843
70206844
70206845
70206846
70206847
70206848
70206849
70206850
70206851
70206852
70206853
70206854
70206855
70206856
70206857
70206858
70206859
70206860
70206861
70206862
70206863
70206864
70206865
70206866
70206867
70206868
70206869
70206870
70206871
70206872
70206873
70206874
70206875
70206876
70206877
70206878
70206879
70206880
70206881
70206882
70206883
70206884
70206885
70206886
70206887
70206888
70206889
70206890
70206891
70206892
70206893
70206894
70206895
70206896
70206897
70206898
70206899
70206900
70206901
70206902
70206903
70206904
70206905
70206906
70206907
70206908
70206909
70206910
70206911
70206912
70206913
70206914
70206915
70206916
70206917
70206918
70206919
70206920
70206921
70206922
70206923
70206924
70206925
70206926
70206927
70206928
70206929
70206930
70206931
70206932
70206933
70206934
70206935
70206936
70206937
70206938
70206939
70206940
70206941
70206942
70206943
70206944
70206945
70206946
70206947
70206948
70206949
70206950
70206951
70206952
70206953
70206954
70206955
70206956
70206957
70206958
70206959
70206960
70206961
70206962
70206963
70206964
70206965
70206966
70206967
70206968
70206969
70206970
70206971
70206972
70206973
70206974
70206975
70206976
70206977
70206978
70206979
70206980
70206981
70206982
70206983
70206984
70206985
70206986
70206987
70206988
70206989
70206990
70206991
70206992
70206993
70206994
70206995
70206996
70206997
70206998
70206999
70207000
70207001
70207002
70207003
70207004
70207005
70207006
70207007
70207008
70207009
70207010
70207011
70207012
70207013
70207014
70207015
70207016
70207017
70207018
70207019
70207020
70207021
70207022
70207023
70207024
70207025
70207026
70207027
70207028
70207029
70207030
70207031
70207032
70207033
70207034
70207035
70207036
70207037
70207038
70207039
70207040
70207041
70207042
70207043
70207044
70207045
70207046
70207047
70207048
70207049
70207050
70207051
70207052
70207053
70207054
70207055
70207056
70207057
70207058
70207059
70207060
70207061
70207062
70207063
70207064
70207065
70207066
70207067
70207068
70207069
70207070
70207071
70207072
70207073
70207074
70207075
70207076
70207077
70207078
70207079
70207080
70207081
70207082
70207083
70207084
70207085
70207086
70207087
70207088
70207089
70207090
70207091
70207092
70207093
70207094
70207095
70207096
70207097
70207098
70207099
70207100
70207101
70207102
70207103
70207104
70207105
70207106
70207107
70207108
70207109
70207110
70207111
70207112
70207113
70207114
70207115
70207116
70207117
70207118
70207119
70207120
70207121
70207122
70207123
70207124
70207125
70207126
70207127
70207128
70207129
70207130
70207131
70207132
70207133
70207134
70207135
70207136
70207137
70207138
70207139
70207140
70207141
70207142
70207143
70207144
70207145
70207146
70207147
70207148
70207149
70207150
70207151
70207152
70207153
70207154
70207155
70207156
70207157
70207158
70207159
70207160
70207161
70207162
70207163
70207164
70207165
70207166
70207167
70207168
70207169
70207170
70207171
70207172
70207173
70207174
70207175
70207176
70207177
70207178
70207179
70207180
70207181
70207182
70207183
70207184
70207185
70207186
70207187
70207188
70207189
70207190
70207191
70207192
70207193
70207194
70207195
70207196
70207197
70207198
70207199
70207200
70207201
70207202
70207203
70207204
70207205
70207206
70207207
70207208
70207209
70207210
70207211
70207212
70207213
70207214
70207215
70207216
70207217
70207218
70207219
70207220
70207221
70207222
70207223
70207224
70207225
70207226
70207227
70207228
70207229
70207230
70207231
70207232
70207233
70207234
70207235
70207236
70207237
70207238
70207239
70207240
70207241
70207242
70207243
70207244
70207245
70207246
70207247
70207248
70207249
70207250
70207251
70207252
70207253
70207254
70207255
70207256
70207257
70207258
70207259
70207260
70207261
70207262
70207263
70207264
70207265
70207266
70207267
70207268
70207269
70207270
70207271
70207272
70207273
70207274
70207275
70207276
70207277
70207278
70207279
70207280
70207281
70207282
70207283
70207284
70207285
70207286
70207287
70207288
70207289
70207290
70207291
70207292
70207293
70207294
70207295
70207296
70207297
70207298
70207299
70207300
70207301
70207302
70207303
70207304
70207305
70207306
70207307
70207308
70207309
70207310
70207311
70207312
70207313
70207314
70207315
70207316
70207317
70207318
70207319
70207320
70207321
70207322
70207323
70207324
70207325
70207326
70207327
70207328
70207329
70207330
70207331
70207332
70207333
70207334
70207335
70207336
70207337
70207338
70207339
70207340
70207341
70207342
70207343
70207344
70207345
70207346
70207347
70207348
70207349
70207350
70207351
70207352
70207353
70207354
70207355
70207356
70207357
70207358
70207359
70207360
70207361
70207362
70207363
70207364
70207365
70207366
70207367
70207368
70207369
70207370
70207371
70207372
70207373
70207374
70207375
70207376
70207377
70207378
70207379
70207380
70207381
70207382
70207383
70207384
70207385
70207386
70207387
70207388
70207389
70207390
70207391
70207392
70207393
70207394
70207395
70207396
70207397
70207398
70207399
70207400
70207401
70207402
70207403
70207404
70207405
70207406
70207407
70207408
70207409
70207410
70207411
70207412
70207413
70207414
70207415
70207416
70207417
70207418
70207419
70207420
70207421
70207422
70207423
70207424
70207425
70207426
70207427
70207428
70207429
70207430
70207431
70207432
70207433
70207434
70207435
70207436
70207437
70207438
70207439
70207440
70207441
70207442
70207443
70207444
70207445
70207446
70207447
70207448
70207449
70207450
70207451
70207452
70207453
70207454
70207455
70207456
70207457
70207458
70207459
70207460
70207461
70207462
70207463
70207464
70207465
70207466
70207467
70207468
70207469
70207470
70207471
70207472
70207473
70207474
70207475
70207476
70207477
70207478
70207479
70207480
70207481
70207482
70207483
70207484
70207485
70207486
70207487
70207488
70207489
70207490
70207491
70207492
70207493
70207494
70207495
70207496
70207497
70207498
70207499
70207500
70207501
70207502
70207503
70207504
70207505
70207506
70207507
70207508
70207509
70207510
70207511
70207512
70207513
70207514
70207515
70207516
70207517
70207518
70207519
70207520
70207521
70207522
70207523
70207524
70207525
70207526
70207527
70207528
70207529
70207530
70207531
70207532
70207533
70207534
70207535
70207536
70207537
70207538
70207539
70207540
70207541
70207542
70207543
70207544
70207545
70207546
70207547
70207548
70207549
70207550
70207551
70207552
70207553
70207554
70207555
70207556
70207557
70207558
70207559
70207560
70207561
70207562
70207563
70207564
70207565
70207566
70207567
70207568
70207569
70207570
70207571
70207572
70207573
70207574
70207575
70207576
70207577
70207578
70207579
70207580
70207581
70207582
70207583
70207584
70207585
70207586
70207587
70207588
70207589
70207590
70207591
70207592
70207593
70207594
70207595
70207596
70207597
70207598
70207599
70207600
70207601
70207602
70207603
70207604
70207605
70207606
70207607
70207608
70207609
70207610
70207611
70207612
70207613
70207614
70207615
70207616
70207617
70207618
70207619
70207620
70207621
70207622
70207623
70207624
70207625
70207626
70207627
70207628
70207629
70207630
70207631
70207632
70207633
70207634
70207635
70207636
70207637
70207638
70207639
70207640
70207641
70207642
70207643
70207644
70207645
70207646
70207647
70207648
70207649
70207650
70207651
70207652
70207653
70207654
70207655
70207656
70207657
70207658
70207659
70207660
70207661
70207662
70207663
70207664
70207665
70207666
70207667
70207668
70207669
70207670
70207671
70207672
70207673
70207674
70207675
70207676
70207677
70207678
70207679
70207680
70207681
70207682
70207683
70207684
70207685
70207686
70207687
70207688
70207689
70207690
70207691
70207692
70207693
70207694
70207695
70207696
70207697
70207698
70207699
70207700
70207701
70207702
70207703
70207704
70207705
70207706
70207707
70207708
70207709
70207710
70207711
70207712
70207713
70207714
70207715
70207716
70207717
70207718
70207719
70207720
70207721
70207722
70207723
70207724
70207725
70207726
70207727
70207728
70207729
70207730
70207731
70207732
70207733
70207734
70207735
70207736
70207737
70207738
70207739
70207740
70207741
70207742
70207743
70207744
70207745
70207746
70207747
70207748
70207749
70207750
70207751
70207752
70207753
70207754
70207755
70207756
70207757
70207758
70207759
70207760
70207761
70207762
70207763
70207764
70207765
70207766
70207767
70207768
70207769
70207770
70207771
70207772
70207773
70207774
70207775
70207776
70207777
70207778
70207779
70207780
70207781
70207782
70207783
70207784
70207785
70207786
70207787
70207788
70207789
70207790
70207791
70207792
70207793
70207794
70207795
70207796
70207797
70207798
70207799
70207800
70207801
70207802
70207803
70207804
70207805
70207806
70207807
70207808
70207809
70207810
70207811
70207812
70207813
70207814
70207815
70207816
70207817
70207818
70207819
70207820
70207821
70207822
70207823
70207824
70207825
70207826
70207827
70207828
70207829
70207830
70207831
70207832
70207833
70207834
70207835
70207836
70207837
70207838
70207839
70207840
70207841
70207842
70207843
70207844
70207845
70207846
70207847
70207848
70207849
70207850
70207851
70207852
70207853
70207854
70207855
70207856
70207857
70207858
70207859
70207860
70207861
70207862
70207863
70207864
70207865
70207866
70207867
70207868
70207869
70207870
70207871
70207872
70207873
70207874
70207875
70207876
70207877
70207878
70207879
70207880
70207881
70207882
70207883
70207884
70207885
70207886
70207887
70207888
70207889
70207890
70207891
70207892
70207893
70207894
70207895
70207896
70207897
70207898
70207899
70207900
70207901
70207902
70207903
70207904
70207905
70207906
70207907
70207908
70207909
70207910
70207911
70207912
70207913
70207914
70207915
70207916
70207917
70207918
70207919
70207920
70207921
70207922
70207923
70207924
70207925
70207926
70207927
70207928
70207929
70207930
70207931
70207932
70207933
70207934
70207935
70207936
70207937
70207938
70207939
70207940
70207941
70207942
70207943
70207944
70207945
70207946
70207947
70207948
70207949
70207950
70207951
70207952
70207953
70207954
70207955
70207956
70207957
70207958
70207959
70207960
70207961
70207962
70207963
70207964
70207965
70207966
70207967
70207968
70207969
70207970
70207971
70207972
70207973
70207974
70207975
70207976
70207977
70207978
70207979
70207980
70207981
70207982
70207983
70207984
70207985
70207986
70207987
70207988
70207989
70207990
70207991
70207992
70207993
70207994
70207995
70207996
70207997
70207998
70207999
70208000
